222 296
223 295
224 294
225 293
226 292
227 291
228 290
229 289
230 288
231 287
232 286
233 285
234 284
235 283
236 282
237 281
238 280
239 279
240 278
241 277
242 276
243 275
244 274
245 273
246 272
247 271
248 270
249 269
250 268
251 267
252 266
253 265
254 264
255 263
256 262
257 261
258 260
259 259
260 258
261 257
262 256
263 255
264 254
265 253
266 252
267 251
268 250
269 249
270 248
271 247
272 246
273 245
274 244
275 243
276 242
277 241
278 240
279 239
280 238
281 237
282 236
283 235
284 234
285 233
286 232
287 231
288 230
289 229
290 228
291 227
292 226
293 225
294 224
295 223
296 222
297 221
298 220
299 219
300 218
301 217
302 216
303 215
304 214
305 213
306 212
307 211
308 210
309 209
310 208
311 207
312 206
313 205
314 204
315 203
316 202
317 201
318 200
319 199
320 198
321 197
322 196
323 195
324 194
325 193
326 192
327 191
328 190
329 189
330 188
331 187
332 186
333 185
334 184
335 183
336 182
337 181
338 180
339 179
340 178
341 177
342 176
343 175
344 174
